{
 "cells": [
  {
   "cell_type": "code",
   "execution_count": 2,
   "metadata": {
    "collapsed": false
   },
   "outputs": [
    {
     "name": "stdout",
     "output_type": "stream",
     "text": [
      "[[ 0.89812647 -1.24756607 -1.26709724  1.83639309  0.29607544]\n",
      " [ 0.25650231  0.72196564  0.38919976  0.49833214 -0.05566549]\n",
      " [-0.70803598 -0.23442317 -1.9906303   0.1423248  -0.98948773]\n",
      " [-1.12005866 -0.63582192  1.1019693   0.89007607 -1.70789161]\n",
      " [-1.65784423  0.44395641 -1.46718516 -0.47263358  0.61927302]]\n",
      "[[ 5.37671843 -0.79315895  1.56934914  1.46298097  1.83850835]\n",
      " [-0.79315895  2.73397652  0.97640375 -2.74036585  1.18324176]\n",
      " [ 1.56934914  0.97640375  9.08658947 -0.74197645 -1.21774941]\n",
      " [ 1.46298097 -2.74036585 -0.74197645  4.65654878 -1.43770033]\n",
      " [ 1.83850835  1.18324176 -1.21774941 -1.43770033  4.37023809]]\n"
     ]
    }
   ],
   "source": [
    "import numpy as np\n",
    "\n",
    "n = 5\n",
    "X = np.random.randn(n, n)\n",
    "\n",
    "print X\n",
    "\n",
    "A = np.dot(X.T, X)\n",
    "print A"
   ]
  },
  {
   "cell_type": "code",
   "execution_count": 3,
   "metadata": {
    "collapsed": true
   },
   "outputs": [],
   "source": [
    "w, v = np.linalg.eig(A)"
   ]
  },
  {
   "cell_type": "code",
   "execution_count": 4,
   "metadata": {
    "collapsed": false
   },
   "outputs": [
    {
     "name": "stdout",
     "output_type": "stream",
     "text": [
      "[ 9.81417758  7.8773136   6.69011421  1.09273165  0.74973425]\n",
      "[[-0.2419558   0.41277407  0.68422987 -0.54211476  0.09495278]\n",
      " [-0.14051097 -0.49693328  0.08608048 -0.05813092  0.85001466]\n",
      " [-0.9496458   0.04330384 -0.14598523  0.25514571 -0.09943146]\n",
      " [ 0.12383385  0.71638529 -0.06953749  0.4864315   0.47958965]\n",
      " [ 0.06746924 -0.2599842   0.70588418  0.63325938 -0.16901535]]\n"
     ]
    }
   ],
   "source": [
    "print w\n",
    "print v"
   ]
  },
  {
   "cell_type": "code",
   "execution_count": 9,
   "metadata": {
    "collapsed": false
   },
   "outputs": [
    {
     "name": "stdout",
     "output_type": "stream",
     "text": [
      "[ 3.25155078 -3.91449927  0.34111793  5.64319156 -2.04797709] \n",
      "\n",
      "[-0.2419558  -0.14051097 -0.9496458   0.12383385  0.06746924] \n",
      "\n",
      "[-13.43861497  27.85902892  -0.35920544  45.57067156 -30.35423454] \n",
      "\n",
      "9.81417757621 \n",
      "\n",
      "[ 0.41277407 -0.49693328  0.04330384  0.71638529 -0.2599842 ]\n",
      "[ 7.8773136  7.8773136  7.8773136  7.8773136  7.8773136]\n",
      "7.8773136015\n"
     ]
    }
   ],
   "source": [
    "tmp = np.dot(A, v[:,1])\n",
    "\n",
    "print tmp, '\\n'\n",
    "\n",
    "print v[:,0], '\\n' \n",
    "\n",
    "print tmp / v[:,0],  '\\n'\n",
    "\n",
    "print w[0], '\\n'\n",
    "\n",
    "print v[:,1]\n",
    "\n",
    "print tmp / v[:,1]\n",
    "\n",
    "print w[1]"
   ]
  },
  {
   "cell_type": "raw",
   "metadata": {},
   "source": [
    "print v"
   ]
  },
  {
   "cell_type": "code",
   "execution_count": 9,
   "metadata": {
    "collapsed": false
   },
   "outputs": [
    {
     "name": "stdout",
     "output_type": "stream",
     "text": [
      "[[-0.18671643  0.72437275 -0.08674484  0.62986958  0.19015979]\n",
      " [ 0.96019075  0.26779053  0.07860116 -0.01127513 -0.00408431]\n",
      " [ 0.14964269 -0.32483214 -0.67867529  0.459573   -0.44753062]\n",
      " [-0.02759865 -0.09820888  0.69530578  0.38176204 -0.60033404]\n",
      " [ 0.14147818 -0.53703952  0.20554055  0.49617295  0.63493146]]\n"
     ]
    }
   ],
   "source": [
    "print v"
   ]
  },
  {
   "cell_type": "code",
   "execution_count": 10,
   "metadata": {
    "collapsed": false
   },
   "outputs": [
    {
     "name": "stdout",
     "output_type": "stream",
     "text": [
      "[ 1.  1.  1.  1.  1.]\n"
     ]
    }
   ],
   "source": [
    "print np.sum(v**2, axis=0)"
   ]
  },
  {
   "cell_type": "code",
   "execution_count": 11,
   "metadata": {
    "collapsed": false
   },
   "outputs": [
    {
     "data": {
      "text/plain": [
       "-6.9388939039072284e-17"
      ]
     },
     "execution_count": 11,
     "metadata": {},
     "output_type": "execute_result"
    }
   ],
   "source": [
    "np.inner(v[:,4], v[:,0])"
   ]
  },
  {
   "cell_type": "code",
   "execution_count": 10,
   "metadata": {
    "collapsed": false
   },
   "outputs": [
    {
     "name": "stdout",
     "output_type": "stream",
     "text": [
      "[[ 5.37671843 -0.79315895  1.56934914  1.46298097  1.83850835]\n",
      " [-0.79315895  2.73397652  0.97640375 -2.74036585  1.18324176]\n",
      " [ 1.56934914  0.97640375  9.08658947 -0.74197645 -1.21774941]\n",
      " [ 1.46298097 -2.74036585 -0.74197645  4.65654878 -1.43770033]\n",
      " [ 1.83850835  1.18324176 -1.21774941 -1.43770033  4.37023809]]\n",
      "[[  1.77635684e-15  -5.99520433e-15  -1.11022302e-15   5.77315973e-15\n",
      "   -1.77635684e-15]\n",
      " [ -5.99520433e-15  -4.44089210e-16   4.44089210e-16   8.88178420e-16\n",
      "    8.88178420e-16]\n",
      " [ -1.11022302e-15   4.44089210e-16   0.00000000e+00   4.44089210e-16\n",
      "   -1.11022302e-15]\n",
      " [  5.77315973e-15   8.88178420e-16   4.44089210e-16  -8.88178420e-16\n",
      "    1.55431223e-15]\n",
      " [ -1.77635684e-15   8.88178420e-16  -1.11022302e-15   1.55431223e-15\n",
      "    8.88178420e-16]]\n",
      "[[  8.88178420e-16  -5.55111512e-15  -4.44089210e-16   5.77315973e-15\n",
      "   -1.77635684e-15]\n",
      " [ -5.99520433e-15  -4.44089210e-16   4.44089210e-16   8.88178420e-16\n",
      "    8.88178420e-16]\n",
      " [ -8.88178420e-16   4.44089210e-16   1.77635684e-15   4.44089210e-16\n",
      "   -1.11022302e-15]\n",
      " [  6.21724894e-15   8.88178420e-16   5.55111512e-16  -1.77635684e-15\n",
      "    1.77635684e-15]\n",
      " [ -1.33226763e-15   8.88178420e-16  -1.33226763e-15   1.99840144e-15\n",
      "    8.88178420e-16]]\n"
     ]
    }
   ],
   "source": [
    "B = np.zeros((n,n))\n",
    "\n",
    "for i in range(n):\n",
    "    B += w[i] * np.outer(v[:,i], v[:,i])\n",
    "    \n",
    "print B\n",
    "\n",
    "print B - A\n",
    "\n",
    "C = np.dot(v, np.dot(np.diag(w), v.T))\n",
    "\n",
    "print C - A"
   ]
  },
  {
   "cell_type": "code",
   "execution_count": 57,
   "metadata": {
    "collapsed": false
   },
   "outputs": [
    {
     "name": "stdout",
     "output_type": "stream",
     "text": [
      "[[ 0.86721914 -1.36912852  0.44304967 -0.66241253  0.87532642]\n",
      " [-1.08528401 -1.18894525  1.03007369  0.47895733  0.14955042]\n",
      " [-1.03995399 -0.55869138 -0.55088416 -0.94233162  1.26596557]]\n",
      "[[ 3.01141473  0.68402213 -0.16080718 -0.11428003 -0.71975079]\n",
      " [ 0.68402213  3.60023975 -1.52351893  0.8639464  -2.08352566]\n",
      " [-0.16080718 -1.52351893  1.56081818  0.71899525 -0.15553935]\n",
      " [-0.11428003  0.8639464   0.71899525  1.55617937 -1.70115831]\n",
      " [-0.71975079 -2.08352566 -0.15553935 -1.70115831  2.39123048]]\n",
      "[[-0.59720171  0.28241878 -0.75072614]\n",
      " [-0.5012301  -0.86210899  0.07440756]\n",
      " [-0.62619366  0.42072286  0.65640976]]\n",
      "[ 2.49954155  1.76654663  1.65876084]\n",
      "[[ 0.27096363  0.70550139 -0.1744055   0.29829797 -0.5562801 ]\n",
      " [ 0.42060574  0.22828638 -0.56306456 -0.56406754  0.36845929]\n",
      " [-0.85270482  0.34522372 -0.3723077  -0.0516212   0.11152265]\n",
      " [ 0.13213387 -0.23058103 -0.51966829  0.74093229  0.3321705 ]\n",
      " [ 0.07144685  0.52707314  0.49383486  0.20297962  0.65727898]]\n"
     ]
    }
   ],
   "source": []
  },
  {
   "cell_type": "code",
   "execution_count": 35,
   "metadata": {
    "collapsed": false
   },
   "outputs": [
    {
     "name": "stdout",
     "output_type": "stream",
     "text": [
      "[ 3.65236847  2.36433368  1.86587289]\n",
      "[ -1.17438042e-15   6.41573994e-17   3.48148164e+00   5.59007376e+00\n",
      "   1.33397955e+01]\n",
      "[[  2.22044605e-15  -4.44089210e-16   4.44089210e-16   3.88578059e-16\n",
      "   -3.33066907e-16]\n",
      " [ -5.55111512e-16  -1.33226763e-15   2.22044605e-16  -3.33066907e-16\n",
      "    5.55111512e-16]\n",
      " [ -1.11022302e-16   3.05311332e-16  -2.08166817e-16   2.22044605e-16\n",
      "    2.22044605e-16]]\n"
     ]
    }
   ],
   "source": [
    "n = 5\n",
    "d = 3\n",
    "X = np.random.randn(d, n)\n",
    "\n",
    "A = np.dot(X.T, X)\n",
    "\n",
    "u, s, v = np.linalg.svd(X)\n",
    "v1 = v\n",
    "\n",
    "print s\n",
    "\n",
    "w, v = np.linalg.eigh(A)\n",
    "v2 = v\n",
    "\n",
    "print w\n",
    "\n",
    "\n",
    "B = np.zeros((d,n))\n",
    "\n",
    "for i in range(d):    \n",
    "    B += s[i] * np.outer(u[:,i], v1[i,:])\n",
    "    \n",
    "print B - X    \n",
    "    \n",
    "    \n",
    "    "
   ]
  },
  {
   "cell_type": "code",
   "execution_count": null,
   "metadata": {
    "collapsed": true
   },
   "outputs": [],
   "source": []
  },
  {
   "cell_type": "code",
   "execution_count": null,
   "metadata": {
    "collapsed": true
   },
   "outputs": [],
   "source": []
  }
 ],
 "metadata": {
  "anaconda-cloud": {},
  "kernelspec": {
   "display_name": "Python [conda root]",
   "language": "python",
   "name": "conda-root-py"
  },
  "language_info": {
   "codemirror_mode": {
    "name": "ipython",
    "version": 2
   },
   "file_extension": ".py",
   "mimetype": "text/x-python",
   "name": "python",
   "nbconvert_exporter": "python",
   "pygments_lexer": "ipython2",
   "version": "2.7.12"
  }
 },
 "nbformat": 4,
 "nbformat_minor": 1
}
